INFO: 2025-01-12 20:02:36,732: Data
INFO: 2025-01-12 20:02:36,746: Data shape (110527, 14)
INFO: 2025-01-12 20:02:37,878: Percentage of women: 0.653882342398853
INFO: 2025-01-12 20:02:37,908: Percentage of men: 0.346117657601147
ERROR: 2025-01-12 20:05:19,540: Data shape is incorrect!
